100	100	100	01000000000000000101
101      01000000000000000111
102      01000000000000001001
103	103	01000000000000000000
104      01000000000000000000
105   01000100000000000000
106   01000000000000000100
107         01001010000000001011
108         01000000000000000101
109   01000000000000000100
110         01001010001011011011
111   01000000000000000100
112         01001010100111010111
113   01001000000000000000
114   114   114   114   114   114   114   114   114   01000000000000100000
115         01001010000000000111
116   116   116   116   116   116   116   116   01001000000000000000
117   117   117   